27500	1	2	3	20	4294967295	1	1.00000000	0	X	27500	icon.skill0123		0	0	0	a,none\0	0	8	10	0	a,none\0
27500	2	2	3	30	4294967295	1	1.00000000	0	X	27500	icon.skill0123		0	0	0	a,none\0	0	8	10	0	a,none\0
27500	3	2	3	40	4294967295	1	1.00000000	0	X	27500	icon.skill0123		0	0	0	a,none\0	0	8	10	0	a,none\0
27501	1	2	1	0	4294967295	1	1.00000000	0	X	27501	icon.skill0123		0	0	0	a,none\0	0	8	10	0	a,none\0
27501	2	2	1	0	4294967295	1	1.00000000	0	X	27501	icon.skill0123		0	0	0	a,none\0	0	8	10	0	a,none\0
27501	3	2	1	0	4294967295	1	1.00000000	0	X	27501	icon.skill0123		0	0	0	a,none\0	0	8	10	0	a,none\0
27502	1	2	3	22	4294967295	1	1.00000000	0	X	27502	icon.skill0914		0	0	0	a,none\0	0	8	10	0	a,none\0
27502	2	2	3	32	4294967295	1	1.00000000	0	X	27502	icon.skill0914		0	0	0	a,none\0	0	8	10	0	a,none\0
27502	3	2	3	40	4294967295	1	1.00000000	0	X	27502	icon.skill0914		0	0	0	a,none\0	0	8	10	0	a,none\0
27503	1	2	1	0	4294967295	1	1.00000000	0	X	27503	icon.skill0914		0	0	0	a,none\0	0	8	10	0	a,none\0
27503	2	2	1	0	4294967295	1	1.00000000	0	X	27503	icon.skill0914		0	0	0	a,none\0	0	8	10	0	a,none\0
27503	3	2	1	0	4294967295	1	1.00000000	0	X	27503	icon.skill0914		0	0	0	a,none\0	0	8	10	0	a,none\0
27504	1	2	3	25	4294967295	1	1.00000000	0	X	27504	icon.skill0988		0	0	0	a,none\0	0	8	10	0	a,none\0
27504	2	2	3	35	4294967295	1	1.00000000	0	X	27504	icon.skill0988		0	0	0	a,none\0	0	8	10	0	a,none\0
27504	3	2	3	42	4294967295	1	1.00000000	0	X	27504	icon.skill0988		0	0	0	a,none\0	0	8	10	0	a,none\0
27505	1	2	1	0	4294967295	1	1.00000000	0	X	27505	icon.skill0988		0	0	0	a,none\0	0	8	10	0	a,none\0
27505	2	2	1	0	4294967295	1	1.00000000	0	X	27505	icon.skill0988		0	0	0	a,none\0	0	8	10	0	a,none\0
27505	3	2	1	0	4294967295	1	1.00000000	0	X	27505	icon.skill0988		0	0	0	a,none\0	0	8	10	0	a,none\0
27506	1	2	3	15	4294967295	1	1.00000000	0	X	27506	icon.skill0098		0	0	0	a,none\0	0	8	10	0	a,none\0
27506	2	2	3	20	4294967295	1	1.00000000	0	X	27506	icon.skill0098		0	0	0	a,none\0	0	8	10	0	a,none\0
27506	3	2	3	25	4294967295	1	1.00000000	0	X	27506	icon.skill0098		0	0	0	a,none\0	0	8	10	0	a,none\0
27506	4	2	3	30	4294967295	1	1.00000000	0	X	27506	icon.skill0098		0	0	0	a,none\0	0	8	10	0	a,none\0
27507	1	1	0	0	4294967295	1	1.00000000	0	X	27507	icon.skill0058		0	0	0	a,none\0	0	8	10	0	a,none\0
27507	2	1	0	0	4294967295	1	1.00000000	0	X	27507	icon.skill0058		0	0	0	a,none\0	0	8	10	0	a,none\0
27507	3	1	0	0	4294967295	1	1.00000000	0	X	27507	icon.skill0058		0	0	0	a,none\0	0	8	10	0	a,none\0
27507	4	1	0	0	4294967295	1	1.00000000	0	X	27507	icon.skill0058		0	0	0	a,none\0	0	8	10	0	a,none\0
27508	1	2	1	120	4294967295	1	1.50000000	0	X	27508	icon.skill0764		0	0	0	a,none\0	0	8	10	0	a,none\0
27520	1	2	3	20	4294967295	1	1.00000000	0	X	27520	icon.skill0122		0	0	0	a,none\0	0	8	10	0	a,none\0
27520	2	2	3	30	4294967295	1	1.00000000	0	X	27520	icon.skill0122		0	0	0	a,none\0	0	8	10	0	a,none\0
27520	3	2	3	40	4294967295	1	1.00000000	0	X	27520	icon.skill0122		0	0	0	a,none\0	0	8	10	0	a,none\0
27521	1	3	1	0	4294967295	3	1.00000000	0	S	27521	icon.skill0122		0	0	0	a,none\0	0	9	11	0	a,none\0
27521	2	3	1	0	4294967295	3	1.00000000	0	S	27521	icon.skill0122		0	0	0	a,none\0	0	9	11	0	a,none\0
27521	3	3	1	0	4294967295	3	1.00000000	0	S	27521	icon.skill0122		0	0	0	a,none\0	0	9	11	0	a,none\0
27522	1	2	3	22	4294967295	1	1.00000000	0	X	27522	icon.skill0105		0	0	0	a,none\0	0	8	10	0	a,none\0
27522	2	2	3	32	4294967295	1	1.00000000	0	X	27522	icon.skill0105		0	0	0	a,none\0	0	8	10	0	a,none\0
27522	3	2	3	40	4294967295	1	1.00000000	0	X	27522	icon.skill0105		0	0	0	a,none\0	0	8	10	0	a,none\0
27523	1	3	1	0	4294967295	3	1.00000000	0	S	27523	icon.skill0105		0	0	0	a,none\0	0	9	11	0	a,none\0
27523	2	3	1	0	4294967295	3	1.00000000	0	S	27523	icon.skill0105		0	0	0	a,none\0	0	9	11	0	a,none\0
27523	3	3	1	0	4294967295	3	1.00000000	0	S	27523	icon.skill0105		0	0	0	a,none\0	0	9	11	0	a,none\0
27524	1	2	3	25	4294967295	1	1.00000000	0	X	27524	icon.skill0915		0	0	0	a,none\0	0	8	10	0	a,none\0
27524	2	2	3	35	4294967295	1	1.00000000	0	X	27524	icon.skill0915		0	0	0	a,none\0	0	8	10	0	a,none\0
27524	3	2	3	42	4294967295	1	1.00000000	0	X	27524	icon.skill0915		0	0	0	a,none\0	0	8	10	0	a,none\0
27525	1	2	1	0	4294967295	1	1.00000000	0	X	27525	icon.skill0915		0	0	0	a,none\0	0	8	10	0	a,none\0
27525	2	2	1	0	4294967295	1	1.00000000	0	X	27525	icon.skill0915		0	0	0	a,none\0	0	8	10	0	a,none\0
27525	3	2	1	0	4294967295	1	1.00000000	0	X	27525	icon.skill0915		0	0	0	a,none\0	0	8	10	0	a,none\0
27526	1	2	3	15	4294967295	1	1.00000000	0	X	27526	icon.skill0408		0	0	0	a,none\0	0	8	10	0	a,none\0
27526	2	2	3	20	4294967295	1	1.00000000	0	X	27526	icon.skill0408		0	0	0	a,none\0	0	8	10	0	a,none\0
27526	3	2	3	25	4294967295	1	1.00000000	0	X	27526	icon.skill0408		0	0	0	a,none\0	0	8	10	0	a,none\0
27526	4	2	3	30	4294967295	1	1.00000000	0	X	27526	icon.skill0408		0	0	0	a,none\0	0	8	10	0	a,none\0
27527	1	0	0	0	4294967295	3	1.00000000	0	S	27527	icon.skill0765		0	0	0	a,none\0	0	9	11	0	a,none\0
27527	2	0	0	0	4294967295	3	1.00000000	0	S	27527	icon.skill0765		0	0	0	a,none\0	0	9	11	0	a,none\0
27527	3	0	0	0	4294967295	3	1.00000000	0	S	27527	icon.skill0765		0	0	0	a,none\0	0	9	11	0	a,none\0
27527	4	0	0	0	4294967295	3	1.00000000	0	S	27527	icon.skill0765		0	0	0	a,none\0	0	9	11	0	a,none\0
27528	1	0	1	110	4294967295	3	1.50000000	0	S	27528	icon.skill0367		0	0	0	a,none\0	0	9	11	0	a,none\0
