27530	1	3	0	30	900	3	1.50000000	1	S	27530	icon.skill1356		0	0	0	a,none\0	0	9	11	0	a,none\0
27530	2	3	0	38	900	3	1.50000000	1	S	27530	icon.skill1356		0	0	0	a,none\0	0	9	11	0	a,none\0
27530	3	3	0	46	900	3	1.50000000	1	S	27530	icon.skill1356		0	0	0	a,none\0	0	9	11	0	a,none\0
27530	4	3	0	55	900	3	1.50000000	1	S	27530	icon.skill1356		0	0	0	a,none\0	0	9	11	0	a,none\0
27530	5	3	0	64	900	3	1.50000000	1	S	27530	icon.skill1356		0	0	0	a,none\0	0	9	11	0	a,none\0
27531	1	0	0	0	4294967295	3	1.00000000	1	S	27531	icon.skill1356		0	0	0	a,none\0	0	9	11	0	a,none\0
27531	2	0	0	0	4294967295	3	1.00000000	1	S	27531	icon.skill1356		0	0	0	a,none\0	0	9	11	0	a,none\0
27531	3	0	0	0	4294967295	3	1.00000000	1	S	27531	icon.skill1356		0	0	0	a,none\0	0	9	11	0	a,none\0
27531	4	0	0	0	4294967295	3	1.00000000	1	S	27531	icon.skill1356		0	0	0	a,none\0	0	9	11	0	a,none\0
27531	5	0	0	0	4294967295	3	1.00000000	1	S	27531	icon.skill1356		0	0	0	a,none\0	0	9	11	0	a,none\0
27532	1	1	1	35	900	1	1.00000000	1	X	27532	icon.skill1405		0	0	0	a,none\0	0	8	10	0	a,none\0
27532	2	1	1	48	900	1	1.00000000	1	X	27532	icon.skill1405		0	0	0	a,none\0	0	8	10	0	a,none\0
27532	3	1	1	60	900	1	1.00000000	1	X	27532	icon.skill1405		0	0	0	a,none\0	0	8	10	0	a,none\0
27532	4	1	1	72	900	1	1.00000000	1	X	27532	icon.skill1405		0	0	0	a,none\0	0	8	10	0	a,none\0
27533	1	3	0	40	900	3	1.50000000	1	S	27533	icon.skill1358		0	0	0	a,none\0	0	9	11	0	a,none\0
27533	2	3	0	55	900	3	1.50000000	1	S	27533	icon.skill1358		0	0	0	a,none\0	0	9	11	0	a,none\0
27533	3	3	0	70	900	3	1.50000000	1	S	27533	icon.skill1358		0	0	0	a,none\0	0	9	11	0	a,none\0
27534	1	3	0	0	4294967295	3	1.00000000	1	S	27534	icon.skill1358		0	0	0	a,none\0	0	9	11	0	a,none\0
27534	2	3	0	0	4294967295	3	1.00000000	1	S	27534	icon.skill1358		0	0	0	a,none\0	0	9	11	0	a,none\0
27534	3	3	0	0	4294967295	3	1.00000000	1	S	27534	icon.skill1358		0	0	0	a,none\0	0	9	11	0	a,none\0
27535	1	3	0	0	4294967295	3	1.00000000	1	S	27535	icon.skill1064		0	0	0	a,none\0	0	9	11	0	a,none\0
27535	2	3	0	0	4294967295	3	1.00000000	1	S	27535	icon.skill1064		0	0	0	a,none\0	0	9	11	0	a,none\0
27535	3	3	0	0	4294967295	3	1.00000000	1	S	27535	icon.skill1064		0	0	0	a,none\0	0	9	11	0	a,none\0
27536	1	2	1	60	900	1	1.00000000	1	X	27536	icon.skill1359		0	0	0	a,none\0	0	8	10	0	a,none\0
27536	2	2	1	80	900	1	1.00000000	1	X	27536	icon.skill1359		0	0	0	a,none\0	0	8	10	0	a,none\0
27537	1	2	1	0	4294967295	1	1.00000000	0	X	27537	icon.skill1352		0	0	0	a,none\0	0	8	10	0	a,none\0
27537	2	2	1	0	4294967295	1	1.00000000	0	X	27537	icon.skill1352		0	0	0	a,none\0	0	8	10	0	a,none\0
27537	3	2	1	0	4294967295	1	1.00000000	0	X	27537	icon.skill1352		0	0	0	a,none\0	0	8	10	0	a,none\0
27537	4	2	1	0	4294967295	1	1.00000000	0	X	27537	icon.skill1352		0	0	0	a,none\0	0	8	10	0	a,none\0
27537	5	2	1	0	4294967295	1	1.00000000	0	X	27537	icon.skill1352		0	0	0	a,none\0	0	8	10	0	a,none\0
27538	1	2	1	50	4294967295	1	0.50000000	1	X	27538	icon.skill1542		0	0	0	a,none\0	0	8	10	0	a,none\0
27539	1	2	1	30	4294967295	1	1.00000000	0	X	27539	icon.skill1501		0	0	0	a,none\0	0	8	10	0	a,none\0
27540	1	3	0	150	4294967295	3	2.00000000	1	S	27540	icon.skill1499		0	0	0	a,none\0	0	9	11	0	a,none\0
27545	1	2	1	35	4294967295	1	1.00000000	1	X	27545	icon.skill1310		0	0	0	a,none\0	0	8	10	0	a,none\0
27545	2	2	1	48	4294967295	1	1.00000000	1	X	27545	icon.skill1310		0	0	0	a,none\0	0	8	10	0	a,none\0
27545	3	2	1	60	4294967295	1	1.00000000	1	X	27545	icon.skill1310		0	0	0	a,none\0	0	8	10	0	a,none\0
27545	4	2	1	72	4294967295	1	1.00000000	1	X	27545	icon.skill1310		0	0	0	a,none\0	0	8	10	0	a,none\0
27546	1	2	1	0	4294967295	1	1.00000000	0	X	27546	icon.skill1310		0	0	0	a,none\0	0	8	10	0	a,none\0
27546	2	2	1	0	4294967295	1	1.00000000	0	X	27546	icon.skill1310		0	0	0	a,none\0	0	8	10	0	a,none\0
27546	3	2	1	0	4294967295	1	1.00000000	0	X	27546	icon.skill1310		0	0	0	a,none\0	0	8	10	0	a,none\0
27546	4	2	1	0	4294967295	1	1.00000000	0	X	27546	icon.skill1310		0	0	0	a,none\0	0	8	10	0	a,none\0
27547	1	2	1	40	4294967295	1	1.00000000	1	X	27547	icon.skill1562		0	0	0	a,none\0	0	8	10	0	a,none\0
27547	2	2	1	55	4294967295	1	1.00000000	1	X	27547	icon.skill1562		0	0	0	a,none\0	0	8	10	0	a,none\0
27547	3	2	1	70	4294967295	1	1.00000000	1	X	27547	icon.skill1562		0	0	0	a,none\0	0	8	10	0	a,none\0
27548	1	3	0	38	4294967295	3	1.00000000	1	S	27548	icon.skill1535		0	0	0	a,none\0	0	9	11	0	a,none\0
27548	2	3	0	52	4294967295	3	1.00000000	1	S	27548	icon.skill1535		0	0	0	a,none\0	0	9	11	0	a,none\0
27548	3	3	0	62	4294967295	3	1.00000000	1	S	27548	icon.skill1535		0	0	0	a,none\0	0	9	11	0	a,none\0
27548	4	3	0	72	4294967295	3	1.00000000	1	S	27548	icon.skill1535		0	0	0	a,none\0	0	9	11	0	a,none\0
27549	1	3	0	0	4294967295	3	1.00000000	0	S	27549	icon.skill1535		0	0	0	a,none\0	0	9	11	0	a,none\0
27549	2	3	0	0	4294967295	3	1.00000000	0	S	27549	icon.skill1535		0	0	0	a,none\0	0	9	11	0	a,none\0
27549	3	3	0	0	4294967295	3	1.00000000	0	S	27549	icon.skill1535		0	0	0	a,none\0	0	9	11	0	a,none\0
27549	4	3	0	0	4294967295	3	1.00000000	0	S	27549	icon.skill1535		0	0	0	a,none\0	0	9	11	0	a,none\0
27550	1	2	1	90	4294967295	1	2.00000000	1	X	27550	icon.skill1229		0	0	0	a,none\0	0	8	10	0	a,none\0
27551	1	2	1	20	4294967295	1	1.00000000	0	X	27551	icon.skill1390		0	0	0	a,none\0	0	8	10	0	a,none\0
27552	1	2	1	0	4294967295	1	1.00000000	0	X	27552	icon.skill1390		0	0	0	a,none\0	0	8	10	0	a,none\0
27553	1	0	0	45	4294967295	3	1.50000000	1	S	27553	icon.skill1543		0	0	0	a,none\0	0	9	11	0	a,none\0
27553	2	0	0	60	4294967295	3	1.50000000	1	S	27553	icon.skill1543		0	0	0	a,none\0	0	9	11	0	a,none\0
27553	3	0	0	72	4294967295	3	1.50000000	1	S	27553	icon.skill1543		0	0	0	a,none\0	0	9	11	0	a,none\0
27553	4	0	0	85	4294967295	3	1.50000000	1	S	27553	icon.skill1543		0	0	0	a,none\0	0	9	11	0	a,none\0
27554	1	2	1	40	4294967295	1	0.50000000	1	X	27554	icon.skill1308		0	0	0	a,none\0	0	8	10	0	a,none\0
27555	1	2	1	0	4294967295	1	1.00000000	0	X	27555	icon.skill1461		0	0	0	a,none\0	0	8	10	0	a,none\0
27556	1	2	1	0	4294967295	1	1.00000000	0	X	27556	icon.skill1461		0	0	0	a,none\0	0	8	10	0	a,none\0
27557	1	2	1	0	4294967295	1	1.00000000	0	X	27557	icon.skill1363		0	0	0	a,none\0	0	8	10	0	a,none\0
27557	2	2	1	0	4294967295	1	1.00000000	0	X	27557	icon.skill1363		0	0	0	a,none\0	0	8	10	0	a,none\0
27557	3	2	1	0	4294967295	1	1.00000000	0	X	27557	icon.skill1363		0	0	0	a,none\0	0	8	10	0	a,none\0
27557	4	2	1	0	4294967295	1	1.00000000	0	X	27557	icon.skill1363		0	0	0	a,none\0	0	8	10	0	a,none\0
27557	5	2	1	0	4294967295	1	1.00000000	0	X	27557	icon.skill1363		0	0	0	a,none\0	0	8	10	0	a,none\0
27558	1	2	1	150	4294967295	1	2.50000000	1	X	27558	icon.skill1413		0	0	0	a,none\0	0	8	10	0	a,none\0
