27400	1	2	1	45	4294967295	1	1.00000000	0	X	27400	icon.skill0110		0	0	0	a,none\0	0	8	10	0	a,none\0
27401	1	2	1	70	4294967295	1	1.50000000	0	X	27401	icon.skill0121		0	0	0	a,none\0	0	8	10	0	a,none\0
27410	1	2	1	35	4294967295	1	1.00000000	0	X	27410	icon.skill0078		0	0	0	a,none\0	0	8	10	0	a,none\0
27411	1	0	0	24	4294967295	3	1.39999998	0	S	27411	icon.skill0347		0	0	0	a,none\0	0	9	11	0	a,none\0
27411	2	0	0	36	4294967295	3	1.39999998	0	S	27411	icon.skill0347		0	0	0	a,none\0	0	9	11	0	a,none\0
27411	3	0	0	60	4294967295	3	1.39999998	0	S	27411	icon.skill0347		0	0	0	a,none\0	0	9	11	0	a,none\0
27411	4	0	0	72	4294967295	3	1.39999998	0	S	27411	icon.skill0347		0	0	0	a,none\0	0	9	11	0	a,none\0
27411	5	0	0	81	4294967295	3	1.39999998	0	S	27411	icon.skill0347		0	0	0	a,none\0	0	9	11	0	a,none\0
27411	6	0	0	90	4294967295	3	1.39999998	0	S	27411	icon.skill0347		0	0	0	a,none\0	0	9	11	0	a,none\0
27411	7	0	0	99	4294967295	3	1.39999998	0	S	27411	icon.skill0347		0	0	0	a,none\0	0	9	11	0	a,none\0
27411	8	0	0	108	4294967295	3	1.39999998	0	S	27411	icon.skill0347		0	0	0	a,none\0	0	9	11	0	a,none\0
27411	9	0	0	117	4294967295	3	1.39999998	0	S	27411	icon.skill0347		0	0	0	a,none\0	0	9	11	0	a,none\0
27420	1	0	0	30	600	3	0.50000000	0	S	27420	icon.skill0821		0	0	0	a,none\0	0	9	11	0	a,none\0
27421	1	2	1	25	4294967295	1	0.50000000	0	X	27421	icon.skill0922		0	0	0	a,none\0	0	8	10	0	a,none\0
27430	1	2	1	20	4294967295	1	0.50000000	0	X	27430	icon.skill0004		0	0	0	a,none\0	0	8	10	0	a,none\0
27431	1	0	0	20	4294967295	3	1.20000005	0	S	27431	icon.skill0772		0	0	0	a,none\0	0	9	11	0	a,none\0
27431	2	0	0	30	4294967295	3	1.20000005	0	S	27431	icon.skill0772		0	0	0	a,none\0	0	9	11	0	a,none\0
27431	3	0	0	50	4294967295	3	1.20000005	0	S	27431	icon.skill0772		0	0	0	a,none\0	0	9	11	0	a,none\0
27431	4	0	0	60	4294967295	3	1.20000005	0	S	27431	icon.skill0772		0	0	0	a,none\0	0	9	11	0	a,none\0
27431	5	0	0	68	4294967295	3	1.20000005	0	S	27431	icon.skill0772		0	0	0	a,none\0	0	9	11	0	a,none\0
27431	6	0	0	75	4294967295	3	1.20000005	0	S	27431	icon.skill0772		0	0	0	a,none\0	0	9	11	0	a,none\0
27431	7	0	0	82	4294967295	3	1.20000005	0	S	27431	icon.skill0772		0	0	0	a,none\0	0	9	11	0	a,none\0
27431	8	0	0	90	4294967295	3	1.20000005	0	S	27431	icon.skill0772		0	0	0	a,none\0	0	9	11	0	a,none\0
27431	9	0	0	98	4294967295	3	1.20000005	0	S	27431	icon.skill0772		0	0	0	a,none\0	0	9	11	0	a,none\0
27440	1	1	0	26	4294967295	3	1.50000000	1	S	27440	icon.skill1417		0	0	0	a,none\0	0	9	11	0	a,none\0
27440	2	1	0	39	4294967295	3	1.50000000	1	S	27440	icon.skill1417		0	0	0	a,none\0	0	9	11	0	a,none\0
27440	3	1	0	65	4294967295	3	1.50000000	1	S	27440	icon.skill1417		0	0	0	a,none\0	0	9	11	0	a,none\0
27440	4	1	0	78	4294967295	3	1.50000000	1	S	27440	icon.skill1417		0	0	0	a,none\0	0	9	11	0	a,none\0
27440	5	1	0	88	4294967295	3	1.50000000	1	S	27440	icon.skill1417		0	0	0	a,none\0	0	9	11	0	a,none\0
27440	6	1	0	98	4294967295	3	1.50000000	1	S	27440	icon.skill1417		0	0	0	a,none\0	0	9	11	0	a,none\0
27440	7	1	0	107	4294967295	3	1.50000000	1	S	27440	icon.skill1417		0	0	0	a,none\0	0	9	11	0	a,none\0
27440	8	1	0	117	4294967295	3	1.50000000	1	S	27440	icon.skill1417		0	0	0	a,none\0	0	9	11	0	a,none\0
27440	9	1	0	127	4294967295	3	1.50000000	1	S	27440	icon.skill1417		0	0	0	a,none\0	0	9	11	0	a,none\0
27441	1	1	1	0	4294967295	1	1.50000000	1	X	27441	icon.skill1157		0	0	45	a,none\0	0	8	10	0	a,none\0
27441	2	1	1	0	4294967295	1	1.50000000	1	X	27441	icon.skill1157		0	0	90	a,none\0	0	8	10	0	a,none\0
27441	3	1	1	0	4294967295	1	1.50000000	1	X	27441	icon.skill1157		0	0	150	a,none\0	0	8	10	0	a,none\0
27441	4	1	1	0	4294967295	1	1.50000000	1	X	27441	icon.skill1157		0	0	180	a,none\0	0	8	10	0	a,none\0
27441	5	1	1	0	4294967295	1	1.50000000	1	X	27441	icon.skill1157		0	0	195	a,none\0	0	8	10	0	a,none\0
27441	6	1	1	0	4294967295	1	1.50000000	1	X	27441	icon.skill1157		0	0	210	a,none\0	0	8	10	0	a,none\0
27441	7	1	1	0	4294967295	1	1.50000000	1	X	27441	icon.skill1157		0	0	225	a,none\0	0	8	10	0	a,none\0
27441	8	1	1	0	4294967295	1	1.50000000	1	X	27441	icon.skill1157		0	0	240	a,none\0	0	8	10	0	a,none\0
27441	9	1	1	0	4294967295	1	1.50000000	1	X	27441	icon.skill1157		0	0	255	a,none\0	0	8	10	0	a,none\0
27450	1	1	1	24	4294967295	1	2.50000000	1	X	27450	icon.skill1027		0	0	0	a,none\0	0	8	10	0	a,none\0
27450	2	1	1	36	4294967295	1	2.50000000	1	X	27450	icon.skill1027		0	0	0	a,none\0	0	8	10	0	a,none\0
27450	3	1	1	60	4294967295	1	2.50000000	1	X	27450	icon.skill1027		0	0	0	a,none\0	0	8	10	0	a,none\0
27450	4	1	1	72	4294967295	1	2.50000000	1	X	27450	icon.skill1027		0	0	0	a,none\0	0	8	10	0	a,none\0
27450	5	1	1	81	4294967295	1	2.50000000	1	X	27450	icon.skill1027		0	0	0	a,none\0	0	8	10	0	a,none\0
27450	6	1	1	90	4294967295	1	2.50000000	1	X	27450	icon.skill1027		0	0	0	a,none\0	0	8	10	0	a,none\0
27450	7	1	1	99	4294967295	1	2.50000000	1	X	27450	icon.skill1027		0	0	0	a,none\0	0	8	10	0	a,none\0
27450	8	1	1	108	4294967295	1	2.50000000	1	X	27450	icon.skill1027		0	0	0	a,none\0	0	8	10	0	a,none\0
27450	9	1	1	117	4294967295	1	2.50000000	1	X	27450	icon.skill1027		0	0	0	a,none\0	0	8	10	0	a,none\0
27451	1	2	1	70	4294967295	1	1.50000000	1	X	27451	icon.skill1010		0	0	0	a,none\0	0	8	10	0	a,none\0
27460	1	2	1	40	4294967295	1	1.00000000	0	X	27460	icon.skill1268		0	0	0	a,none\0	0	8	10	0	a,none\0
27461	1	0	0	18	40	3	1.08000004	0	S	27461	icon.skill0096		0	0	0	a,none\0	0	9	11	0	a,none\0
27461	2	0	0	27	40	3	1.08000004	0	S	27461	icon.skill0096		0	0	0	a,none\0	0	9	11	0	a,none\0
27461	3	0	0	45	40	3	1.08000004	0	S	27461	icon.skill0096		0	0	0	a,none\0	0	9	11	0	a,none\0
27461	4	0	0	54	40	3	1.08000004	0	S	27461	icon.skill0096		0	0	0	a,none\0	0	9	11	0	a,none\0
27461	5	0	0	61	40	3	1.08000004	0	S	27461	icon.skill0096		0	0	0	a,none\0	0	9	11	0	a,none\0
27461	6	0	0	68	40	3	1.08000004	0	S	27461	icon.skill0096		0	0	0	a,none\0	0	9	11	0	a,none\0
27461	7	0	0	74	40	3	1.08000004	0	S	27461	icon.skill0096		0	0	0	a,none\0	0	9	11	0	a,none\0
27461	8	0	0	81	40	3	1.08000004	0	S	27461	icon.skill0096		0	0	0	a,none\0	0	9	11	0	a,none\0
27461	9	0	0	88	40	3	1.08000004	0	S	27461	icon.skill0096		0	0	0	a,none\0	0	9	11	0	a,none\0
27462	1	3	0	14	900	3	1.00000000	0	S	27462	icon.skill0101		0	0	0	a,none\0	0	9	11	0	a,none\0
27462	2	3	0	21	900	3	1.00000000	0	S	27462	icon.skill0101		0	0	0	a,none\0	0	9	11	0	a,none\0
27462	3	3	0	35	900	3	1.00000000	0	S	27462	icon.skill0101		0	0	0	a,none\0	0	9	11	0	a,none\0
27462	4	3	0	42	900	3	1.00000000	0	S	27462	icon.skill0101		0	0	0	a,none\0	0	9	11	0	a,none\0
27462	5	3	0	47	900	3	1.00000000	0	S	27462	icon.skill0101		0	0	0	a,none\0	0	9	11	0	a,none\0
27462	6	3	0	52	900	3	1.00000000	0	S	27462	icon.skill0101		0	0	0	a,none\0	0	9	11	0	a,none\0
27462	7	3	0	58	900	3	1.00000000	0	S	27462	icon.skill0101		0	0	0	a,none\0	0	9	11	0	a,none\0
27462	8	3	0	63	900	3	1.00000000	0	S	27462	icon.skill0101		0	0	0	a,none\0	0	9	11	0	a,none\0
27462	9	3	0	68	900	3	1.00000000	0	S	27462	icon.skill0101		0	0	0	a,none\0	0	9	11	0	a,none\0
27463	1	3	0	16	900	3	1.20000005	1	S	27463	icon.skill1201		0	0	0	a,none\0	0	9	11	0	a,none\0
27463	2	3	0	24	900	3	1.20000005	1	S	27463	icon.skill1201		0	0	0	a,none\0	0	9	11	0	a,none\0
27463	3	3	0	40	900	3	1.20000005	1	S	27463	icon.skill1201		0	0	0	a,none\0	0	9	11	0	a,none\0
27463	4	3	0	48	900	3	1.20000005	1	S	27463	icon.skill1201		0	0	0	a,none\0	0	9	11	0	a,none\0
27463	5	3	0	54	900	3	1.20000005	1	S	27463	icon.skill1201		0	0	0	a,none\0	0	9	11	0	a,none\0
27463	6	3	0	60	900	3	1.20000005	1	S	27463	icon.skill1201		0	0	0	a,none\0	0	9	11	0	a,none\0
27463	7	3	0	66	900	3	1.20000005	1	S	27463	icon.skill1201		0	0	0	a,none\0	0	9	11	0	a,none\0
27463	8	3	0	72	900	3	1.20000005	1	S	27463	icon.skill1201		0	0	0	a,none\0	0	9	11	0	a,none\0
27463	9	3	0	78	900	3	1.20000005	1	S	27463	icon.skill1201		0	0	0	a,none\0	0	9	11	0	a,none\0
27464	1	2	1	50	4294967295	1	1.00000000	1	X	27464	icon.skill1085		0	0	0	a,none\0	0	8	10	0	a,none\0
27465	1	2	1	50	4294967295	1	1.00000000	1	X	27465	icon.skill1409		0	0	0	a,none\0	0	8	10	0	a,none\0
27000	1	2	1	0	4294967295	1	1.00000000	0	X	27000	icon.skill3123		0	0	0	a,none\0	0	8	10	0	a,none\0
27001	1	2	1	0	4294967295	1	1.00000000	0	X	27001	icon.skill3123		0	0	0	a,none\0	0	8	10	0	a,none\0
27002	1	2	1	0	4294967295	1	1.00000000	0	X	27002	icon.skill3123		0	0	0	a,none\0	0	8	10	0	a,none\0
27002	2	2	1	0	4294967295	1	1.00000000	0	X	27002	icon.skill3123		0	0	0	a,none\0	0	8	10	0	a,none\0
27002	3	2	1	0	4294967295	1	1.00000000	0	X	27002	icon.skill3123		0	0	0	a,none\0	0	8	10	0	a,none\0
27002	4	2	1	0	4294967295	1	1.00000000	0	X	27002	icon.skill3123		0	0	0	a,none\0	0	8	10	0	a,none\0
27002	5	2	1	0	4294967295	1	1.00000000	0	X	27002	icon.skill3123		0	0	0	a,none\0	0	8	10	0	a,none\0
27002	6	2	1	0	4294967295	1	1.00000000	0	X	27002	icon.skill3123		0	0	0	a,none\0	0	8	10	0	a,none\0
27002	7	2	1	0	4294967295	1	1.00000000	0	X	27002	icon.skill3123		0	0	0	a,none\0	0	8	10	0	a,none\0
27002	8	2	1	0	4294967295	1	1.00000000	0	X	27002	icon.skill3123		0	0	0	a,none\0	0	8	10	0	a,none\0
27002	9	2	1	0	4294967295	1	1.00000000	0	X	27002	icon.skill3123		0	0	0	a,none\0	0	8	10	0	a,none\0
27002	10	2	1	0	4294967295	1	1.00000000	0	X	27002	icon.skill3123		0	0	0	a,none\0	0	8	10	0	a,none\0
27003	1	2	1	0	4294967295	1	1.00000000	0	X	27003	icon.skill3123		0	0	0	a,none\0	0	8	10	0	a,none\0
27004	1	2	1	0	4294967295	1	1.00000000	0	X	27004	icon.skill3123		0	0	0	a,none\0	0	8	10	0	a,none\0
